[
{
    "xforms": {
        "right_hand": [
            [
                0.10421462145933802, 
                0.9938148826272086, 
                0.038347067700897214, 
                0.99342207077315, 
                -0.10217917577278296, 
                -0.051683770688930764, 
                -0.047445828729970385, 
                0.04348102800144191, 
                -0.9979269964512018
            ], 
            [
                0.35314242170455595, 
                -0.5215577720317649, 
                -0.3073702079797129
            ]
        ]
    }, 
    "config": [
        0.0, 
        0.0, 
        0.0, 
        0.0, 
        0.0, 
        0.0, 
        0.0, 
        0.0, 
        0.0, 
        0.07439807057380676, 
        0.0, 
        0.0, 
        0.0, 
        0.0, 
        0.0, 
        0.6703496035400391, 
        0.023776702185058594, 
        -0.08360195284423828, 
        1.5953400175781252, 
        1.0135778044372559, 
        0.0, 
        0.09242234236450196, 
        -1.1711943302124024, 
        0.0, 
        0.0, 
        0.0, 
        0.0, 
        0.0, 
        0.0, 
        0.0, 
        0.0, 
        0.0, 
        0.0, 
        0.0, 
        0.0, 
        0.048320394763183595, 
        0.0981747703125, 
        -0.0011504855895996095, 
        1.4983157328552248, 
        0.03758252926025391, 
        0.0, 
        0.03873301484985352, 
        0.8996797310668946, 
        0.0, 
        0.0, 
        0.0, 
        0.0, 
        0.0, 
        0.0, 
        0.0, 
        0.0, 
        0.0, 
        0.0, 
        0.0, 
        0.0, 
        0.0, 
        0.0, 
        0.0, 
        0.0, 
        0.0, 
        0.0, 
        0.0, 
        0.0, 
        0.0, 
        0.0, 
        0.0, 
        0.0, 
        0.0, 
        0.0, 
        0.0, 
        0.0, 
        0.0, 
        0.0, 
        0.0, 
        0.0, 
        0.0, 
        0.0, 
        0.0, 
        0.0, 
        0.0, 
        0.0, 
        0.0, 
        0.0, 
        0.0, 
        0.0, 
        0.0
    ], 
    "id": 0, 
    "time": 1429033744.993762
},
{
    "xforms": {
        "right_hand": [
            [
                -0.2174799391490683, 
                -0.16101940053262223, 
                -0.9626916279283415, 
                -0.4878489754700983, 
                0.8721983232447246, 
                -0.03567446934479987, 
                0.8454023053490528, 
                0.46188964295619994, 
                -0.26823900117925953
            ], 
            [
                0.559223076409211, 
                -0.6555193741460696, 
                0.6796065994508163
            ]
        ]
    }, 
    "config": [
        0.0, 
        0.0, 
        0.0, 
        0.0, 
        0.0, 
        0.0, 
        0.0, 
        0.0, 
        0.0, 
        0.0740145742893219, 
        0.0, 
        0.0, 
        0.0, 
        0.0, 
        0.0, 
        0.6695826131469726, 
        0.023776702185058594, 
        -0.08321845764770508, 
        1.5949565223815918, 
        1.0131943092407227, 
        0.0, 
        0.09318933275756837, 
        -1.1711943302124024, 
        0.0, 
        0.0, 
        0.0, 
        0.0, 
        0.0, 
        0.0, 
        0.0, 
        0.0, 
        0.0, 
        0.0, 
        0.0, 
        0.0, 
        -0.0487038899597168, 
        -1.3529710533691408, 
        -0.2439029449951172, 
        1.366776880444336, 
        -1.7901555774169924, 
        0.0, 
        -1.570796325, 
        1.5259273870056154, 
        0.0, 
        0.0, 
        0.0, 
        0.0, 
        0.0, 
        0.0, 
        0.0, 
        0.0, 
        0.0, 
        0.0, 
        0.0, 
        0.0, 
        0.0, 
        0.0, 
        0.0, 
        0.0, 
        0.0, 
        0.0, 
        0.0, 
        0.0, 
        0.0, 
        0.0, 
        0.0, 
        0.0, 
        0.0, 
        0.0, 
        0.0, 
        0.0, 
        0.0, 
        0.0, 
        0.0, 
        0.0, 
        0.0, 
        0.0, 
        0.0, 
        0.0, 
        0.0, 
        0.0, 
        0.0, 
        0.0, 
        0.0, 
        0.0, 
        0.0
    ], 
    "id": 1, 
    "time": 1429033826.122681
},
{
    "xforms": {
        "right_hand": [
            [
                0.15930634149524978, 
                0.01295332241511771, 
                -0.9871442046026203, 
                -0.35382447571400083, 
                0.9342358822039615, 
                -0.044841532940792975, 
                0.9216446900156865, 
                0.356419321207473, 
                0.15341302501084994
            ], 
            [
                0.6078035017526964, 
                -0.4719057405888017, 
                0.4726164142578251
            ]
        ]
    }, 
    "config": [
        0.0, 
        0.0, 
        0.0, 
        0.0, 
        0.0, 
        0.0, 
        0.0, 
        0.0, 
        0.0, 
        0.07324758172035217, 
        0.0, 
        0.0, 
        0.0, 
        0.0, 
        0.0, 
        0.6707330987365723, 
        0.024160197381591798, 
        -0.08321845764770508, 
        1.5953400175781252, 
        1.0131943092407227, 
        0.0, 
        0.09318933275756837, 
        -1.170427339819336, 
        0.0, 
        0.0, 
        0.0, 
        0.0, 
        0.0, 
        0.0, 
        0.0, 
        0.0, 
        0.0, 
        0.0, 
        0.0, 
        0.0, 
        -0.9794467319458009, 
        -0.2807184838623047, 
        1.5773157433410645, 
        2.1418206726379396, 
        -1.3587234813171387, 
        0.0, 
        -0.2991262532958985, 
        -0.016106798254394532, 
        0.0, 
        0.0, 
        0.0, 
        0.0, 
        0.0, 
        0.0, 
        0.0, 
        0.0, 
        0.0, 
        0.0, 
        0.0, 
        0.0, 
        0.0, 
        0.0, 
        0.0, 
        0.0, 
        0.0, 
        0.0, 
        0.0, 
        0.0, 
        0.0, 
        0.0, 
        0.0, 
        0.0, 
        0.0, 
        0.0, 
        0.0, 
        0.0, 
        0.0, 
        0.0, 
        0.0, 
        0.0, 
        0.0, 
        0.0, 
        0.0, 
        0.0, 
        0.0, 
        0.0, 
        0.0, 
        0.0, 
        0.0, 
        0.0, 
        0.0
    ], 
    "id": 2, 
    "time": 1429033861.930449
},
{
    "xforms": {
        "right_hand": [
            [
                -0.17926064894779395, 
                -0.028600890051370953, 
                -0.9833857750749018, 
                -0.21884702324966152, 
                0.9756908107772394, 
                0.011516378514752124, 
                0.9591510855139443, 
                0.21727548306728633, 
                -0.18116233164275575
            ], 
            [
                0.7250048432903264, 
                -0.4463670793583542, 
                0.6290481109352931
            ]
        ]
    }, 
    "config": [
        0.0, 
        0.0, 
        0.0, 
        0.0, 
        0.0, 
        0.0, 
        0.0, 
        0.0, 
        0.0, 
        0.0740145742893219, 
        0.0, 
        0.0, 
        0.0, 
        0.0, 
        0.0, 
        0.6703496035400391, 
        0.023776702185058594, 
        -0.08360195284423828, 
        1.5949565223815918, 
        1.0131943092407227, 
        0.0, 
        0.09280583756103516, 
        -1.1708108350158692, 
        0.0, 
        0.0, 
        0.0, 
        0.0, 
        0.0, 
        0.0, 
        0.0, 
        0.0, 
        0.0, 
        0.0, 
        0.0, 
        0.0, 
        -0.7144515511413575, 
        -0.568339881262207, 
        1.8714565590820313, 
        1.7004177014282227, 
        -1.2881603651550293, 
        0.0, 
        0.38119422535400393, 
        0.3420777153076172, 
        0.0, 
        0.0, 
        0.0, 
        0.0, 
        0.0, 
        0.0, 
        0.0, 
        0.0, 
        0.0, 
        0.0, 
        0.0, 
        0.0, 
        0.0, 
        0.0, 
        0.0, 
        0.0, 
        0.0, 
        0.0, 
        0.0, 
        0.0, 
        0.0, 
        0.0, 
        0.0, 
        0.0, 
        0.0, 
        0.0, 
        0.0, 
        0.0, 
        0.0, 
        0.0, 
        0.0, 
        0.0, 
        0.0, 
        0.0, 
        0.0, 
        0.0, 
        0.0, 
        0.0, 
        0.0, 
        0.0, 
        0.0, 
        0.0, 
        0.0
    ], 
    "id": 3, 
    "time": 1429033897.379707
},
{
    "xforms": {
        "right_hand": [
            [
                -0.3006488476426497, 
                0.29824862126650453, 
                -0.9059016986908799, 
                0.4629728602957598, 
                0.8760656138757108, 
                0.13477533138329081, 
                0.8338258845404775, 
                -0.3788878525186615, 
                -0.4014694538311761
            ], 
            [
                0.6731156059611441, 
                -0.2667876463187039, 
                0.6430840673967001
            ]
        ]
    }, 
    "config": [
        0.0, 
        0.0, 
        0.0, 
        0.0, 
        0.0, 
        0.0, 
        0.0, 
        0.0, 
        0.0, 
        0.07363107800483704, 
        0.0, 
        0.0, 
        0.0, 
        0.0, 
        0.0, 
        0.6703496035400391, 
        0.023776702185058594, 
        -0.08283496245117188, 
        1.5957235127746583, 
        1.0135778044372559, 
        0.0, 
        0.09280583756103516, 
        -1.170427339819336, 
        0.0, 
        0.0, 
        0.0, 
        0.0, 
        0.0, 
        0.0, 
        0.0, 
        0.0, 
        0.0, 
        0.0, 
        0.0, 
        0.0, 
        -0.39768451880493166, 
        -1.1013982044433595, 
        1.9128740403076172, 
        1.727262365185547, 
        -1.5661943826416016, 
        0.0, 
        1.22718462890625, 
        1.5481701084045412, 
        0.0, 
        0.0, 
        0.0, 
        0.0, 
        0.0, 
        0.0, 
        0.0, 
        0.0, 
        0.0, 
        0.0, 
        0.0, 
        0.0, 
        0.0, 
        0.0, 
        0.0, 
        0.0, 
        0.0, 
        0.0, 
        0.0, 
        0.0, 
        0.0, 
        0.0, 
        0.0, 
        0.0, 
        0.0, 
        0.0, 
        0.0, 
        0.0, 
        0.0, 
        0.0, 
        0.0, 
        0.0, 
        0.0, 
        0.0, 
        0.0, 
        0.0, 
        0.0, 
        0.0, 
        0.0, 
        0.0, 
        0.0, 
        0.0, 
        0.0
    ], 
    "id": 4, 
    "time": 1429033981.548153
},
{
    "xforms": {
        "right_hand": [
            [
                -0.7059427588459133, 
                -0.053896568670280975, 
                -0.7062149690148649, 
                0.029993553678996643, 
                0.9939307107983538, 
                -0.10583639481357585, 
                0.707632964650267, 
                -0.09589633312305927, 
                -0.7000421952084018
            ], 
            [
                0.6926487749837668, 
                -0.39987299400405485, 
                0.722504003428989
            ]
        ]
    }, 
    "config": [
        0.0, 
        0.0, 
        0.0, 
        0.0, 
        0.0, 
        0.0, 
        0.0, 
        0.0, 
        0.0, 
        0.0740145742893219, 
        0.0, 
        0.0, 
        0.0, 
        0.0, 
        0.0, 
        0.6703496035400391, 
        0.023393206988525393, 
        -0.08360195284423828, 
        1.5953400175781252, 
        1.0135778044372559, 
        0.0, 
        0.09242234236450196, 
        -1.1696603494262696, 
        0.0, 
        0.0, 
        0.0, 
        0.0, 
        0.0, 
        0.0, 
        0.0, 
        0.0, 
        0.0, 
        0.0, 
        0.0, 
        0.0, 
        -0.48051948125610355, 
        -1.113670050732422, 
        1.7042526533935547, 
        1.1378302481140137, 
        -0.7689078690490723, 
        0.0, 
        1.2620826917907715, 
        0.18637866551513674, 
        0.0, 
        0.0, 
        0.0, 
        0.0, 
        0.0, 
        0.0, 
        0.0, 
        0.0, 
        0.0, 
        0.0, 
        0.0, 
        0.0, 
        0.0, 
        0.0, 
        0.0, 
        0.0, 
        0.0, 
        0.0, 
        0.0, 
        0.0, 
        0.0, 
        0.0, 
        0.0, 
        0.0, 
        0.0, 
        0.0, 
        0.0, 
        0.0, 
        0.0, 
        0.0, 
        0.0, 
        0.0, 
        0.0, 
        0.0, 
        0.0, 
        0.0, 
        0.0, 
        0.0, 
        0.0, 
        0.0, 
        0.0, 
        0.0, 
        0.0
    ], 
    "id": 5, 
    "time": 1429034019.723973
},
{
    "xforms": {
        "right_hand": [
            [
                -0.8851565742251795, 
                0.37298469846481447, 
                -0.27817174559404767, 
                -0.08641244534042414, 
                0.455666195473787, 
                0.8859464072516808, 
                0.4571979145678959, 
                0.8082387875513993, 
                -0.37110570385134106
            ], 
            [
                0.6769598510987614, 
                -0.4637196580557018, 
                0.714178841848971
            ]
        ]
    }, 
    "config": [
        0.0, 
        0.0, 
        0.0, 
        0.0, 
        0.0, 
        0.0, 
        0.0, 
        0.0, 
        0.0, 
        0.0740145742893219, 
        0.0, 
        0.0, 
        0.0, 
        0.0, 
        0.0, 
        0.6711165939331055, 
        0.02300971179199219, 
        -0.08360195284423828, 
        1.5945730271850587, 
        1.0139612996337892, 
        0.0, 
        0.09318933275756837, 
        -1.170427339819336, 
        0.0, 
        0.0, 
        0.0, 
        0.0, 
        0.0, 
        0.0, 
        0.0, 
        0.0, 
        0.0, 
        0.0, 
        0.0, 
        0.0, 
        -0.4387185048339844, 
        -0.6994952384765626, 
        1.5753982673583986, 
        0.8030389415405274, 
        0.10239321747436524, 
        0.0, 
        1.5508545747802736, 
        0.21053886289672852, 
        0.0, 
        0.0, 
        0.0, 
        0.0, 
        0.0, 
        0.0, 
        0.0, 
        0.0, 
        0.0, 
        0.0, 
        0.0, 
        0.0, 
        0.0, 
        0.0, 
        0.0, 
        0.0, 
        0.0, 
        0.0, 
        0.0, 
        0.0, 
        0.0, 
        0.0, 
        0.0, 
        0.0, 
        0.0, 
        0.0, 
        0.0, 
        0.0, 
        0.0, 
        0.0, 
        0.0, 
        0.0, 
        0.0, 
        0.0, 
        0.0, 
        0.0, 
        0.0, 
        0.0, 
        0.0, 
        0.0, 
        0.0, 
        0.0, 
        0.0
    ], 
    "id": 6, 
    "time": 1429034062.22988
},
{
    "xforms": {
        "right_hand": [
            [
                0.38578240413832854, 
                -0.09227412349347808, 
                -0.9179636690274728, 
                0.08911857934616715, 
                0.9940596177962282, 
                -0.062470496035239687, 
                0.9182750242501275, 
                -0.05770759992693495, 
                0.39171435954114764
            ], 
            [
                0.7141887523361258, 
                -0.3754273888238624, 
                0.5017013950111222
            ]
        ]
    }, 
    "config": [
        0.0, 
        0.0, 
        0.0, 
        0.0, 
        0.0, 
        0.0, 
        0.0, 
        0.0, 
        0.0, 
        0.07363107800483704, 
        0.0, 
        0.0, 
        0.0, 
        0.0, 
        0.0, 
        0.6699661083435059, 
        0.024160197381591798, 
        -0.08283496245117188, 
        1.5949565223815918, 
        1.0128108140441896, 
        0.0, 
        0.09280583756103516, 
        -1.170427339819336, 
        0.0, 
        0.0, 
        0.0, 
        0.0, 
        0.0, 
        0.0, 
        0.0, 
        0.0, 
        0.0, 
        0.0, 
        0.0, 
        0.0, 
        -0.4145583074523926, 
        -0.5882816314819337, 
        1.3330293031494143, 
        2.118043970452881, 
        -0.33747577294921877, 
        0.0, 
        -1.1700438446228028, 
        -0.8367865188354493, 
        0.0, 
        0.0, 
        0.0, 
        0.0, 
        0.0, 
        0.0, 
        0.0, 
        0.0, 
        0.0, 
        0.0, 
        0.0, 
        0.0, 
        0.0, 
        0.0, 
        0.0, 
        0.0, 
        0.0, 
        0.0, 
        0.0, 
        0.0, 
        0.0, 
        0.0, 
        0.0, 
        0.0, 
        0.0, 
        0.0, 
        0.0, 
        0.0, 
        0.0, 
        0.0, 
        0.0, 
        0.0, 
        0.0, 
        0.0, 
        0.0, 
        0.0, 
        0.0, 
        0.0, 
        0.0, 
        0.0, 
        0.0, 
        0.0, 
        0.0
    ], 
    "id": 7, 
    "time": 1429034094.862167
},
{
    "xforms": {
        "right_hand": [
            [
                0.09155532333781363, 
                0.36709739054510315, 
                -0.9256657143808955, 
                0.5694511691789055, 
                0.743277041470069, 
                0.3510896014786273, 
                0.8169101501256338, 
                -0.5592655453069477, 
                -0.1409931805204959
            ], 
            [
                0.7372669335815905, 
                -0.25009299496753323, 
                0.5819026022599545
            ]
        ]
    }, 
    "config": [
        0.0, 
        0.0, 
        0.0, 
        0.0, 
        0.0, 
        0.0, 
        0.0, 
        0.0, 
        0.0, 
        0.0740145742893219, 
        0.0, 
        0.0, 
        0.0, 
        0.0, 
        0.0, 
        0.6695826131469726, 
        0.024160197381591798, 
        -0.08321845764770508, 
        1.5949565223815918, 
        1.0131943092407227, 
        0.0, 
        0.09280583756103516, 
        -1.1696603494262696, 
        0.0, 
        0.0, 
        0.0, 
        0.0, 
        0.0, 
        0.0, 
        0.0, 
        0.0, 
        0.0, 
        0.0, 
        0.0, 
        0.0, 
        0.039500005242919925, 
        -1.0392719826049805, 
        1.4135632944213867, 
        1.7775002359313965, 
        1.121339954663086, 
        0.0, 
        -1.3671603756408692, 
        -0.9729273136047364, 
        0.0, 
        0.0, 
        0.0, 
        0.0, 
        0.0, 
        0.0, 
        0.0, 
        0.0, 
        0.0, 
        0.0, 
        0.0, 
        0.0, 
        0.0, 
        0.0, 
        0.0, 
        0.0, 
        0.0, 
        0.0, 
        0.0, 
        0.0, 
        0.0, 
        0.0, 
        0.0, 
        0.0, 
        0.0, 
        0.0, 
        0.0, 
        0.0, 
        0.0, 
        0.0, 
        0.0, 
        0.0, 
        0.0, 
        0.0, 
        0.0, 
        0.0, 
        0.0, 
        0.0, 
        0.0, 
        0.0, 
        0.0, 
        0.0, 
        0.0
    ], 
    "id": 8, 
    "time": 1429034124.590566
},
{
    "xforms": {
        "right_hand": [
            [
                -0.5960702287632921, 
                0.41926016101342795, 
                -0.684777903700115, 
                0.5197044903244984, 
                0.8515555195869857, 
                0.06899020417343965, 
                0.6120512476971437, 
                -0.3147591446438582, 
                -0.7254788586390256
            ], 
            [
                0.6933529537466293, 
                -0.27378837091233466, 
                0.7094712122013058
            ]
        ]
    }, 
    "config": [
        0.0, 
        0.0, 
        0.0, 
        0.0, 
        0.0, 
        0.0, 
        0.0, 
        0.0, 
        0.0, 
        0.07286408543586731, 
        0.0, 
        0.0, 
        0.0, 
        0.0, 
        0.0, 
        0.6699661083435059, 
        0.023776702185058594, 
        -0.08398544804077149, 
        1.5953400175781252, 
        1.0131943092407227, 
        0.0, 
        0.09280583756103516, 
        -1.170427339819336, 
        0.0, 
        0.0, 
        0.0, 
        0.0, 
        0.0, 
        0.0, 
        0.0, 
        0.0, 
        0.0, 
        0.0, 
        0.0, 
        0.0, 
        -0.0851359336303711, 
        -1.1681263686401369, 
        1.5512380699768067, 
        1.1639079214782715, 
        2.0923497922851566, 
        0.0, 
        -1.4772234970458986, 
        -2.139136206262207, 
        0.0, 
        0.0, 
        0.0, 
        0.0, 
        0.0, 
        0.0, 
        0.0, 
        0.0, 
        0.0, 
        0.0, 
        0.0, 
        0.0, 
        0.0, 
        0.0, 
        0.0, 
        0.0, 
        0.0, 
        0.0, 
        0.0, 
        0.0, 
        0.0, 
        0.0, 
        0.0, 
        0.0, 
        0.0, 
        0.0, 
        0.0, 
        0.0, 
        0.0, 
        0.0, 
        0.0, 
        0.0, 
        0.0, 
        0.0, 
        0.0, 
        0.0, 
        0.0, 
        0.0, 
        0.0, 
        0.0, 
        0.0, 
        0.0, 
        0.0
    ], 
    "id": 9, 
    "time": 1429034161.030065
},
{
    "xforms": {
        "right_hand": [
            [
                -0.6981835413810893, 
                0.1139355195628032, 
                -0.7067942005417993, 
                -0.08930552026957378, 
                0.9656828131249736, 
                0.24388620395360322, 
                0.7103263132412748, 
                0.23339795737321997, 
                -0.6640493035924219
            ], 
            [
                0.5588930072233996, 
                -0.40226591510085097, 
                0.7803188736041881
            ]
        ]
    }, 
    "config": [
        0.0, 
        0.0, 
        0.0, 
        0.0, 
        0.0, 
        0.0, 
        0.0, 
        0.0, 
        0.0, 
        0.07363107800483704, 
        0.0, 
        0.0, 
        0.0, 
        0.0, 
        0.0, 
        0.6699661083435059, 
        0.023776702185058594, 
        -0.08321845764770508, 
        1.5957235127746583, 
        1.0131943092407227, 
        0.0, 
        0.09318933275756837, 
        -1.1708108350158692, 
        0.0, 
        0.0, 
        0.0, 
        0.0, 
        0.0, 
        0.0, 
        0.0, 
        0.0, 
        0.0, 
        0.0, 
        0.0, 
        0.0, 
        -1.0327525642639162, 
        -1.1159710219116212, 
        2.055534253417969, 
        1.236388513623047, 
        2.8930877626464846, 
        0.0, 
        -1.2616991965942383, 
        -3.0587576875488285, 
        0.0, 
        0.0, 
        0.0, 
        0.0, 
        0.0, 
        0.0, 
        0.0, 
        0.0, 
        0.0, 
        0.0, 
        0.0, 
        0.0, 
        0.0, 
        0.0, 
        0.0, 
        0.0, 
        0.0, 
        0.0, 
        0.0, 
        0.0, 
        0.0, 
        0.0, 
        0.0, 
        0.0, 
        0.0, 
        0.0, 
        0.0, 
        0.0, 
        0.0, 
        0.0, 
        0.0, 
        0.0, 
        0.0, 
        0.0, 
        0.0, 
        0.0, 
        0.0, 
        0.0, 
        0.0, 
        0.0, 
        0.0, 
        0.0, 
        0.0
    ], 
    "id": 10, 
    "time": 1429034198.447668
},
{
    "xforms": {
        "right_hand": [
            [
                -0.25926459861414125, 
                -0.03744600617777463, 
                -0.9650801054587288, 
                -0.045436254786820555, 
                0.9986142053538102, 
                -0.026540928125417335, 
                0.9647365543739881, 
                0.03696850248403146, 
                -0.2606069246624311
            ], 
            [
                0.5963494166480209, 
                -0.38766839800436464, 
                0.6241529339636257
            ]
        ]
    }, 
    "config": [
        0.0, 
        0.0, 
        0.0, 
        0.0, 
        0.0, 
        0.0, 
        0.0, 
        0.0, 
        0.0, 
        0.07363107800483704, 
        0.0, 
        0.0, 
        0.0, 
        0.0, 
        0.0, 
        0.6703496035400391, 
        0.02300971179199219, 
        -0.08283496245117188, 
        1.5949565223815918, 
        1.0128108140441896, 
        0.0, 
        0.09280583756103516, 
        -1.1708108350158692, 
        0.0, 
        0.0, 
        0.0, 
        0.0, 
        0.0, 
        0.0, 
        0.0, 
        0.0, 
        0.0, 
        0.0, 
        0.0, 
        0.0, 
        -1.4699370883117677, 
        -1.21759724899292, 
        2.207014856048584, 
        2.015650752978516, 
        2.657621711975098, 
        0.0, 
        -0.04448544279785156, 
        -2.9720877731323245, 
        0.0, 
        0.0, 
        0.0, 
        0.0, 
        0.0, 
        0.0, 
        0.0, 
        0.0, 
        0.0, 
        0.0, 
        0.0, 
        0.0, 
        0.0, 
        0.0, 
        0.0, 
        0.0, 
        0.0, 
        0.0, 
        0.0, 
        0.0, 
        0.0, 
        0.0, 
        0.0, 
        0.0, 
        0.0, 
        0.0, 
        0.0, 
        0.0, 
        0.0, 
        0.0, 
        0.0, 
        0.0, 
        0.0, 
        0.0, 
        0.0, 
        0.0, 
        0.0, 
        0.0, 
        0.0, 
        0.0, 
        0.0, 
        0.0, 
        0.0
    ], 
    "id": 11, 
    "time": 1429034244.192231
},
{
    "xforms": {
        "right_hand": [
            [
                -0.32058530444118666, 
                -0.06840267394507718, 
                -0.9447465540102318, 
                -0.008631124236687396, 
                0.9975582945164506, 
                -0.06929762798287223, 
                0.9471799042208205, 
                -0.014061576284096636, 
                -0.3203931763345462
            ], 
            [
                0.7419118466289207, 
                -0.3775086129535852, 
                0.6257015009383443
            ]
        ]
    }, 
    "config": [
        0.0, 
        0.0, 
        0.0, 
        0.0, 
        0.0, 
        0.0, 
        0.0, 
        0.0, 
        0.0, 
        0.07363107800483704, 
        0.0, 
        0.0, 
        0.0, 
        0.0, 
        0.0, 
        0.6699661083435059, 
        0.024160197381591798, 
        -0.08321845764770508, 
        1.5949565223815918, 
        1.0131943092407227, 
        0.0, 
        0.09357282795410157, 
        -1.1700438446228028, 
        0.0, 
        0.0, 
        0.0, 
        0.0, 
        0.0, 
        0.0, 
        0.0, 
        0.0, 
        0.0, 
        0.0, 
        0.0, 
        0.0, 
        -0.6109078480773926, 
        -1.4143302848144532, 
        1.3882526114501954, 
        1.7280293555786135, 
        2.766150852593994, 
        0.0, 
        -0.1461116698791504, 
        -2.9874275809936526, 
        0.0, 
        0.0, 
        0.0, 
        0.0, 
        0.0, 
        0.0, 
        0.0, 
        0.0, 
        0.0, 
        0.0, 
        0.0, 
        0.0, 
        0.0, 
        0.0, 
        0.0, 
        0.0, 
        0.0, 
        0.0, 
        0.0, 
        0.0, 
        0.0, 
        0.0, 
        0.0, 
        0.0, 
        0.0, 
        0.0, 
        0.0, 
        0.0, 
        0.0, 
        0.0, 
        0.0, 
        0.0, 
        0.0, 
        0.0, 
        0.0, 
        0.0, 
        0.0, 
        0.0, 
        0.0, 
        0.0, 
        0.0, 
        0.0, 
        0.0
    ], 
    "id": 12, 
    "time": 1429034312.153153
},
{
    "xforms": {
        "right_hand": [
            [
                -0.7520479446191984, 
                0.07768386088253362, 
                -0.6545140580183357, 
                -0.2388734357203651, 
                0.8933944598446696, 
                0.3805064265741309, 
                0.6142984416309283, 
                0.44250509778558905, 
                -0.653319376103416
            ], 
            [
                0.7020743488135913, 
                -0.41584617847833316, 
                0.6698614599638166
            ]
        ]
    }, 
    "config": [
        0.0, 
        0.0, 
        0.0, 
        0.0, 
        0.0, 
        0.0, 
        0.0, 
        0.0, 
        0.0, 
        0.0740145742893219, 
        0.0, 
        0.0, 
        0.0, 
        0.0, 
        0.0, 
        0.6699661083435059, 
        0.023393206988525393, 
        -0.08283496245117188, 
        1.5949565223815918, 
        1.0128108140441896, 
        0.0, 
        0.09318933275756837, 
        -1.1700438446228028, 
        0.0, 
        0.0, 
        0.0, 
        0.0, 
        0.0, 
        0.0, 
        0.0, 
        0.0, 
        0.0, 
        0.0, 
        0.0, 
        0.0, 
        -0.3873301484985352, 
        -0.485121423614502, 
        2.0662721189208986, 
        1.1700438446228028, 
        2.2039468944763185, 
        0.0, 
        -1.3675438708374024, 
        -2.946777090161133, 
        0.0, 
        0.0, 
        0.0, 
        0.0, 
        0.0, 
        0.0, 
        0.0, 
        0.0, 
        0.0, 
        0.0, 
        0.0, 
        0.0, 
        0.0, 
        0.0, 
        0.0, 
        0.0, 
        0.0, 
        0.0, 
        0.0, 
        0.0, 
        0.0, 
        0.0, 
        0.0, 
        0.0, 
        0.0, 
        0.0, 
        0.0, 
        0.0, 
        0.0, 
        0.0, 
        0.0, 
        0.0, 
        0.0, 
        0.0, 
        0.0, 
        0.0, 
        0.0, 
        0.0, 
        0.0, 
        0.0, 
        0.0, 
        0.0, 
        0.0
    ], 
    "id": 13, 
    "time": 1429034355.913643
},
{
    "xforms": {
        "right_hand": [
            [
                -0.4123234017596063, 
                -0.23597622379533106, 
                -0.8799457112041245, 
                -0.03391462943714865, 
                0.9691780356939567, 
                -0.2440143132743165, 
                0.9104056321006186, 
                -0.07076977900700457, 
                -0.40761815495722403
            ], 
            [
                0.647811976197246, 
                -0.39657796545844826, 
                0.6942889888360462
            ]
        ]
    }, 
    "config": [
        0.0, 
        0.0, 
        0.0, 
        0.0, 
        0.0, 
        0.0, 
        0.0, 
        0.0, 
        0.0, 
        0.07363107800483704, 
        0.0, 
        0.0, 
        0.0, 
        0.0, 
        0.0, 
        0.6711165939331055, 
        0.023776702185058594, 
        -0.08360195284423828, 
        1.5964905031677248, 
        1.0131943092407227, 
        0.0, 
        0.09280583756103516, 
        -1.1708108350158692, 
        0.0, 
        0.0, 
        0.0, 
        0.0, 
        0.0, 
        0.0, 
        0.0, 
        0.0, 
        0.0, 
        0.0, 
        0.0, 
        0.0, 
        -0.7340098061645508, 
        -0.732475825378418, 
        2.127247855169678, 
        1.7134565381103517, 
        1.6981167302490237, 
        0.0, 
        -0.9422476978820802, 
        -2.648034332061768, 
        0.0, 
        0.0, 
        0.0, 
        0.0, 
        0.0, 
        0.0, 
        0.0, 
        0.0, 
        0.0, 
        0.0, 
        0.0, 
        0.0, 
        0.0, 
        0.0, 
        0.0, 
        0.0, 
        0.0, 
        0.0, 
        0.0, 
        0.0, 
        0.0, 
        0.0, 
        0.0, 
        0.0, 
        0.0, 
        0.0, 
        0.0, 
        0.0, 
        0.0, 
        0.0, 
        0.0, 
        0.0, 
        0.0, 
        0.0, 
        0.0, 
        0.0, 
        0.0, 
        0.0, 
        0.0, 
        0.0, 
        0.0, 
        0.0, 
        0.0
    ], 
    "id": 14, 
    "time": 1429034385.698124
}
]
