{
    "bin_D_left": [
        [
            -0.9510565162951535, 
            0.3090169943749474, 
            1.2246467991473532e-16, 
            -1.3539266550108e-16, 
            -2.0391748620113118e-17, 
            -1.0, 
            -0.3090169943749474, 
            -0.9510565162951535, 
            6.123233995736766e-17
        ], 
        [
            0.36400013725349256, 
            0.6199994000044577, 
            1.4200000686268526
        ]
    ], 
    "bin_K_center": [
        [
            -1.0, 
            7.498798913309288e-33, 
            1.2246467991473532e-16, 
            -1.2246467991473532e-16, 
            -6.123233995736766e-17, 
            -1.0, 
            0.0, 
            -1.0, 
            6.123233995736766e-17
        ], 
        [
            1.3725365577421655e-07, 
            0.6199997509821766, 
            0.9400000686268781
        ]
    ], 
    "bin_A_high": [
        [
            -1.0, 
            -2.126576849575771e-17, 
            1.2060416625018976e-16, 
            -1.2246467991473532e-16, 
            0.1736481776669303, 
            -0.984807753012208, 
            0.0, 
            -0.984807753012208, 
            -0.1736481776669303
        ], 
        [
            0.2840001372534402, 
            0.6199993150377847, 
            1.7450000686268394
        ]
    ], 
    "bin_F_left": [
        [
            -0.9510565162951534, 
            0.30901699437494734, 
            1.2229684632711994e-16, 
            0.016172699895933153, 
            0.0497744522213898, 
            -0.9986295347545738, 
            -0.3085934973239105, 
            -0.9497531263931349, 
            -0.05233595624294384
        ], 
        [
            -0.20399986274638604, 
            0.6199997712434603, 
            1.4200000686268526
        ]
    ], 
    "bin_L_left": [
        [
            -0.9510565162951534, 
            0.30901699437494734, 
            1.2229684632711994e-16, 
            0.016172699895933153, 
            0.0497744522213898, 
            -0.9986295347545738, 
            -0.3085934973239105, 
            -0.9497531263931349, 
            -0.05233595624294384
        ], 
        [
            -0.2039998627462835, 
            0.6199999215691128, 
            0.9400000686268781
        ]
    ], 
    "bin_E_center": [
        [
            -0.9999999999999999, 
            -6.409306129323711e-18, 
            1.2229684632711994e-16, 
            -1.224646799147353e-16, 
            0.05233595624294384, 
            -0.9986295347545738, 
            0.0, 
            -0.9986295347545738, 
            -0.05233595624294384
        ], 
        [
            1.3725355324512023e-07, 
            0.6199996006565243, 
            1.4200000686268526
        ]
    ], 
    "bin_A_center": [
        [
            -1.0, 
            7.498798913309288e-33, 
            1.2246467991473532e-16, 
            -1.2246467991473532e-16, 
            -6.123233995736766e-17, 
            -1.0, 
            0.0, 
            -1.0, 
            6.123233995736766e-17
        ], 
        [
            0.2840001372534402, 
            0.6199993150377847, 
            1.6650000686268394
        ]
    ], 
    "bin_J_high": [
        [
            -1.0, 
            -2.126576849575771e-17, 
            1.2060416625018976e-16, 
            -1.2246467991473532e-16, 
            0.1736481776669303, 
            -0.984807753012208, 
            0.0, 
            -0.984807753012208, 
            -0.1736481776669303
        ], 
        [
            0.2840001372535951, 
            0.6199995503301102, 
            1.0200000686268782
        ]
    ], 
    "bin_L_center": [
        [
            -0.9999999999999999, 
            -6.409306129323711e-18, 
            1.2229684632711994e-16, 
            -1.224646799147353e-16, 
            0.05233595624294384, 
            -0.9986295347545738, 
            0.0, 
            -0.9986295347545738, 
            -0.05233595624294384
        ], 
        [
            -0.2839998627462835, 
            0.6199999215691128, 
            0.9400000686268781
        ]
    ], 
    "bin_A_right": [
        [
            -0.9510565162951535, 
            -0.3090169943749474, 
            1.2246467991473532e-16, 
            -9.754899819673848e-17, 
            -9.607908322879612e-17, 
            -1.0, 
            0.3090169943749474, 
            -0.9510565162951535, 
            6.123233995736766e-17
        ], 
        [
            0.20400013725344018, 
            0.6199993150377847, 
            1.6650000686268394
        ]
    ], 
    "bin_K_high": [
        [
            -1.0, 
            -2.126576849575771e-17, 
            1.2060416625018976e-16, 
            -1.2246467991473532e-16, 
            0.1736481776669303, 
            -0.984807753012208, 
            0.0, 
            -0.984807753012208, 
            -0.1736481776669303
        ], 
        [
            1.3725365577421655e-07, 
            0.6199997509821766, 
            1.0200000686268782
        ]
    ], 
    "bin_H_center": [
        [
            -1.0, 
            7.498798913309288e-33, 
            1.2246467991473532e-16, 
            -1.2246467991473532e-16, 
            -6.123233995736766e-17, 
            -1.0, 
            0.0, 
            -1.0, 
            6.123233995736766e-17
        ], 
        [
            1.3725360237248907e-07, 
            0.6199996758193504, 
            1.1900000686268648
        ]
    ], 
    "bin_G_left": [
        [
            -0.9510565162951535, 
            0.3090169943749474, 
            1.2246467991473532e-16, 
            -1.3539266550108e-16, 
            -2.0391748620113118e-17, 
            -1.0, 
            -0.3090169943749474, 
            -0.9510565162951535, 
            6.123233995736766e-17
        ], 
        [
            0.3640001372535417, 
            0.619999475167284, 
            1.1900000686268648
        ]
    ], 
    "bin_H_left": [
        [
            -0.9510565162951535, 
            0.3090169943749474, 
            1.2246467991473532e-16, 
            -1.3539266550108e-16, 
            -2.0391748620113118e-17, 
            -1.0, 
            -0.3090169943749474, 
            -0.9510565162951535, 
            6.123233995736766e-17
        ], 
        [
            0.08000013725360237, 
            0.6199996758193504, 
            1.1900000686268648
        ]
    ], 
    "bin_E_right": [
        [
            -0.9510565162951534, 
            -0.30901699437494734, 
            1.2229684632711994e-16, 
            -0.01617269989593339, 
            0.04977445222138973, 
            -0.9986295347545738, 
            0.3085934973239105, 
            -0.9497531263931349, 
            -0.05233595624294384
        ], 
        [
            -0.07999986274644676, 
            0.6199996006565243, 
            1.4200000686268526
        ]
    ], 
    "bin_K_right": [
        [
            -0.9510565162951535, 
            -0.3090169943749474, 
            1.2246467991473532e-16, 
            -9.754899819673848e-17, 
            -9.607908322879612e-17, 
            -1.0, 
            0.3090169943749474, 
            -0.9510565162951535, 
            6.123233995736766e-17
        ], 
        [
            -0.07999986274634423, 
            0.6199997509821766, 
            0.9400000686268781
        ]
    ], 
    "bin_I_left": [
        [
            -0.9510565162951534, 
            0.30901699437494734, 
            1.2229684632711994e-16, 
            0.016172699895933153, 
            0.0497744522213898, 
            -0.9986295347545738, 
            -0.3085934973239105, 
            -0.9497531263931349, 
            -0.05233595624294384
        ], 
        [
            -0.2039998627463369, 
            0.6199998464062865, 
            1.1900000686268648
        ]
    ], 
    "bin_B_high": [
        [
            -1.0, 
            -2.7548558866703663e-17, 
            1.1932591810242374e-16, 
            -1.2246467991473532e-16, 
            0.22495105434386503, 
            -0.9743700647852352, 
            0.0, 
            -0.9743700647852352, 
            -0.22495105434386503
        ], 
        [
            1.372535009119824e-07, 
            0.6199995156898512, 
            1.7450000686268394
        ]
    ], 
    "bin_G_high": [
        [
            -1.0, 
            -2.126576849575771e-17, 
            1.2060416625018976e-16, 
            -1.2246467991473532e-16, 
            0.1736481776669303, 
            -0.984807753012208, 
            0.0, 
            -0.984807753012208, 
            -0.1736481776669303
        ], 
        [
            0.2840001372535417, 
            0.619999475167284, 
            1.2700000686268649
        ]
    ], 
    "bin_E_high": [
        [
            -1.0, 
            -2.7548558866703663e-17, 
            1.1932591810242374e-16, 
            -1.2246467991473532e-16, 
            0.22495105434386503, 
            -0.9743700647852352, 
            0.0, 
            -0.9743700647852352, 
            -0.22495105434386503
        ], 
        [
            1.3725355324512023e-07, 
            0.6199996006565243, 
            1.5000000686268526
        ]
    ], 
    "bin_C_high": [
        [
            -1.0, 
            -2.7548558866703663e-17, 
            1.1932591810242374e-16, 
            -1.2246467991473532e-16, 
            0.22495105434386503, 
            -0.9743700647852352, 
            0.0, 
            -0.9743700647852352, 
            -0.22495105434386503
        ], 
        [
            -0.2839998627464384, 
            0.6199996862767871, 
            1.7450000686268394
        ]
    ], 
    "bin_I_center": [
        [
            -0.9999999999999999, 
            -6.409306129323711e-18, 
            1.2229684632711994e-16, 
            -1.224646799147353e-16, 
            0.05233595624294384, 
            -0.9986295347545738, 
            0.0, 
            -0.9986295347545738, 
            -0.05233595624294384
        ], 
        [
            -0.28399986274633693, 
            0.6199998464062865, 
            1.1900000686268648
        ]
    ], 
    "bin_C_left": [
        [
            -0.9510565162951534, 
            0.30901699437494734, 
            1.2229684632711994e-16, 
            0.016172699895933153, 
            0.0497744522213898, 
            -0.9986295347545738, 
            -0.3085934973239105, 
            -0.9497531263931349, 
            -0.05233595624294384
        ], 
        [
            -0.2039998627464384, 
            0.6199996862767871, 
            1.6650000686268394
        ]
    ], 
    "bin_A_left": [
        [
            -0.9510565162951535, 
            0.3090169943749474, 
            1.2246467991473532e-16, 
            -1.3539266550108e-16, 
            -2.0391748620113118e-17, 
            -1.0, 
            -0.3090169943749474, 
            -0.9510565162951535, 
            6.123233995736766e-17
        ], 
        [
            0.3640001372534402, 
            0.6199993150377847, 
            1.6650000686268394
        ]
    ], 
    "bin_F_right": [
        [
            -0.9510565162951534, 
            -0.30901699437494734, 
            1.2229684632711994e-16, 
            -0.01617269989593339, 
            0.04977445222138973, 
            -0.9986295347545738, 
            0.3085934973239105, 
            -0.9497531263931349, 
            -0.05233595624294384
        ], 
        [
            -0.36399986274638607, 
            0.6199997712434603, 
            1.4200000686268526
        ]
    ], 
    "bin_B_left": [
        [
            -0.9510565162951534, 
            0.30901699437494734, 
            1.2229684632711994e-16, 
            0.016172699895933153, 
            0.0497744522213898, 
            -0.9986295347545738, 
            -0.3085934973239105, 
            -0.9497531263931349, 
            -0.05233595624294384
        ], 
        [
            0.08000013725350091, 
            0.6199995156898512, 
            1.6650000686268394
        ]
    ], 
    "bin_E_left": [
        [
            -0.9510565162951534, 
            0.30901699437494734, 
            1.2229684632711994e-16, 
            0.016172699895933153, 
            0.0497744522213898, 
            -0.9986295347545738, 
            -0.3085934973239105, 
            -0.9497531263931349, 
            -0.05233595624294384
        ], 
        [
            0.08000013725355325, 
            0.6199996006565243, 
            1.4200000686268526
        ]
    ], 
    "bin_K_left": [
        [
            -0.9510565162951535, 
            0.3090169943749474, 
            1.2246467991473532e-16, 
            -1.3539266550108e-16, 
            -2.0391748620113118e-17, 
            -1.0, 
            -0.3090169943749474, 
            -0.9510565162951535, 
            6.123233995736766e-17
        ], 
        [
            0.08000013725365578, 
            0.6199997509821766, 
            0.9400000686268781
        ]
    ], 
    "bin_C_right": [
        [
            -0.9510565162951534, 
            -0.30901699437494734, 
            1.2229684632711994e-16, 
            -0.01617269989593339, 
            0.04977445222138973, 
            -0.9986295347545738, 
            0.3085934973239105, 
            -0.9497531263931349, 
            -0.05233595624294384
        ], 
        [
            -0.3639998627464384, 
            0.6199996862767871, 
            1.6650000686268394
        ]
    ], 
    "bin_I_right": [
        [
            -0.9510565162951534, 
            -0.30901699437494734, 
            1.2229684632711994e-16, 
            -0.01617269989593339, 
            0.04977445222138973, 
            -0.9986295347545738, 
            0.3085934973239105, 
            -0.9497531263931349, 
            -0.05233595624294384
        ], 
        [
            -0.36399986274633694, 
            0.6199998464062865, 
            1.1900000686268648
        ]
    ], 
    "bin_I_high": [
        [
            -1.0, 
            -2.7548558866703663e-17, 
            1.1932591810242374e-16, 
            -1.2246467991473532e-16, 
            0.22495105434386503, 
            -0.9743700647852352, 
            0.0, 
            -0.9743700647852352, 
            -0.22495105434386503
        ], 
        [
            -0.28399986274633693, 
            0.6199998464062865, 
            1.2700000686268649
        ]
    ], 
    "bin_D_high": [
        [
            -1.0, 
            -2.126576849575771e-17, 
            1.2060416625018976e-16, 
            -1.2246467991473532e-16, 
            0.1736481776669303, 
            -0.984807753012208, 
            0.0, 
            -0.984807753012208, 
            -0.1736481776669303
        ], 
        [
            0.28400013725349255, 
            0.6199994000044577, 
            1.5000000686268526
        ]
    ], 
    "bin_F_center": [
        [
            -0.9999999999999999, 
            -6.409306129323711e-18, 
            1.2229684632711994e-16, 
            -1.224646799147353e-16, 
            0.05233595624294384, 
            -0.9986295347545738, 
            0.0, 
            -0.9986295347545738, 
            -0.05233595624294384
        ], 
        [
            -0.28399986274638606, 
            0.6199997712434603, 
            1.4200000686268526
        ]
    ], 
    "bin_J_left": [
        [
            -0.9510565162951535, 
            0.3090169943749474, 
            1.2246467991473532e-16, 
            -1.3539266550108e-16, 
            -2.0391748620113118e-17, 
            -1.0, 
            -0.3090169943749474, 
            -0.9510565162951535, 
            6.123233995736766e-17
        ], 
        [
            0.3640001372535951, 
            0.6199995503301102, 
            0.9400000686268781
        ]
    ], 
    "bin_B_center": [
        [
            -0.9999999999999999, 
            -6.409306129323711e-18, 
            1.2229684632711994e-16, 
            -1.224646799147353e-16, 
            0.05233595624294384, 
            -0.9986295347545738, 
            0.0, 
            -0.9986295347545738, 
            -0.05233595624294384
        ], 
        [
            1.372535009119824e-07, 
            0.6199995156898512, 
            1.6650000686268394
        ]
    ], 
    "bin_F_high": [
        [
            -1.0, 
            -2.7548558866703663e-17, 
            1.1932591810242374e-16, 
            -1.2246467991473532e-16, 
            0.22495105434386503, 
            -0.9743700647852352, 
            0.0, 
            -0.9743700647852352, 
            -0.22495105434386503
        ], 
        [
            -0.28399986274638606, 
            0.6199997712434603, 
            1.5000000686268526
        ]
    ], 
    "bin_J_center": [
        [
            -1.0, 
            7.498798913309288e-33, 
            1.2246467991473532e-16, 
            -1.2246467991473532e-16, 
            -6.123233995736766e-17, 
            -1.0, 
            0.0, 
            -1.0, 
            6.123233995736766e-17
        ], 
        [
            0.2840001372535951, 
            0.6199995503301102, 
            0.9400000686268781
        ]
    ], 
    "bin_C_center": [
        [
            -0.9999999999999999, 
            -6.409306129323711e-18, 
            1.2229684632711994e-16, 
            -1.224646799147353e-16, 
            0.05233595624294384, 
            -0.9986295347545738, 
            0.0, 
            -0.9986295347545738, 
            -0.05233595624294384
        ], 
        [
            -0.2839998627464384, 
            0.6199996862767871, 
            1.6650000686268394
        ]
    ], 
    "bin_B_right": [
        [
            -0.9510565162951534, 
            -0.30901699437494734, 
            1.2229684632711994e-16, 
            -0.01617269989593339, 
            0.04977445222138973, 
            -0.9986295347545738, 
            0.3085934973239105, 
            -0.9497531263931349, 
            -0.05233595624294384
        ], 
        [
            -0.07999986274649909, 
            0.6199995156898512, 
            1.6650000686268394
        ]
    ], 
    "bin_H_right": [
        [
            -0.9510565162951535, 
            -0.3090169943749474, 
            1.2246467991473532e-16, 
            -9.754899819673848e-17, 
            -9.607908322879612e-17, 
            -1.0, 
            0.3090169943749474, 
            -0.9510565162951535, 
            6.123233995736766e-17
        ], 
        [
            -0.07999986274639763, 
            0.6199996758193504, 
            1.1900000686268648
        ]
    ], 
    "bin_D_right": [
        [
            -0.9510565162951535, 
            -0.3090169943749474, 
            1.2246467991473532e-16, 
            -9.754899819673848e-17, 
            -9.607908322879612e-17, 
            -1.0, 
            0.3090169943749474, 
            -0.9510565162951535, 
            6.123233995736766e-17
        ], 
        [
            0.20400013725349253, 
            0.6199994000044577, 
            1.4200000686268526
        ]
    ], 
    "bin_L_high": [
        [
            -1.0, 
            -2.7548558866703663e-17, 
            1.1932591810242374e-16, 
            -1.2246467991473532e-16, 
            0.22495105434386503, 
            -0.9743700647852352, 
            0.0, 
            -0.9743700647852352, 
            -0.22495105434386503
        ], 
        [
            -0.2839998627462835, 
            0.6199999215691128, 
            1.0200000686268782
        ]
    ], 
    "bin_J_right": [
        [
            -0.9510565162951535, 
            -0.3090169943749474, 
            1.2246467991473532e-16, 
            -9.754899819673848e-17, 
            -9.607908322879612e-17, 
            -1.0, 
            0.3090169943749474, 
            -0.9510565162951535, 
            6.123233995736766e-17
        ], 
        [
            0.20400013725359506, 
            0.6199995503301102, 
            0.9400000686268781
        ]
    ], 
    "bin_L_right": [
        [
            -0.9510565162951534, 
            -0.30901699437494734, 
            1.2229684632711994e-16, 
            -0.01617269989593339, 
            0.04977445222138973, 
            -0.9986295347545738, 
            0.3085934973239105, 
            -0.9497531263931349, 
            -0.05233595624294384
        ], 
        [
            -0.36399986274628354, 
            0.6199999215691128, 
            0.9400000686268781
        ]
    ], 
    "bin_D_center": [
        [
            -1.0, 
            7.498798913309288e-33, 
            1.2246467991473532e-16, 
            -1.2246467991473532e-16, 
            -6.123233995736766e-17, 
            -1.0, 
            0.0, 
            -1.0, 
            6.123233995736766e-17
        ], 
        [
            0.28400013725349255, 
            0.6199994000044577, 
            1.4200000686268526
        ]
    ], 
    "bin_H_high": [
        [
            -1.0, 
            -2.126576849575771e-17, 
            1.2060416625018976e-16, 
            -1.2246467991473532e-16, 
            0.1736481776669303, 
            -0.984807753012208, 
            0.0, 
            -0.984807753012208, 
            -0.1736481776669303
        ], 
        [
            1.3725360237248907e-07, 
            0.6199996758193504, 
            1.2700000686268649
        ]
    ], 
    "bin_G_right": [
        [
            -0.9510565162951535, 
            -0.3090169943749474, 
            1.2246467991473532e-16, 
            -9.754899819673848e-17, 
            -9.607908322879612e-17, 
            -1.0, 
            0.3090169943749474, 
            -0.9510565162951535, 
            6.123233995736766e-17
        ], 
        [
            0.20400013725354166, 
            0.619999475167284, 
            1.1900000686268648
        ]
    ], 
    "bin_G_center": [
        [
            -1.0, 
            7.498798913309288e-33, 
            1.2246467991473532e-16, 
            -1.2246467991473532e-16, 
            -6.123233995736766e-17, 
            -1.0, 
            0.0, 
            -1.0, 
            6.123233995736766e-17
        ], 
        [
            0.2840001372535417, 
            0.619999475167284, 
            1.1900000686268648
        ]
    ]
}