[
{
    "xforms": {
        "right_hand": [
            [
                -0.8058272204926353, 
                0.577220083628575, 
                -0.13213131477064177, 
                0.00405880680209425, 
                0.22851697045019242, 
                0.9735314472369803, 
                0.592136151142165, 
                0.7839618447099874, 
                -0.18648816825110479
            ], 
            [
                0.6827857132922297, 
                -0.4317623759654734, 
                0.6481301459889556
            ]
        ]
    }, 
    "config": [
        0.0, 
        0.0, 
        0.0, 
        0.0, 
        0.0, 
        0.0, 
        0.0, 
        0.0, 
        0.0, 
        0.07708253711462021, 
        0.0, 
        0.0, 
        0.0, 
        0.0, 
        0.0, 
        0.7685243738525391, 
        0.042951462011718754, 
        0.00613592314453125, 
        1.6294710900695801, 
        0.01457281746826172, 
        0.0, 
        -0.06787864978637696, 
        0.12348545328369141, 
        0.0, 
        0.0, 
        0.0, 
        0.0, 
        0.0, 
        0.0, 
        0.0, 
        0.0, 
        0.0, 
        0.0, 
        0.0, 
        0.0, 
        0.11274758778076173, 
        -1.319606971270752, 
        0.03451456768798828, 
        1.4350390254272463, 
        1.3767477555541994, 
        0.0, 
        1.5408836996704103, 
        -0.24658741137084964, 
        0.0, 
        0.0, 
        0.0, 
        0.0, 
        0.0, 
        0.0, 
        0.0, 
        0.0, 
        0.0, 
        0.0, 
        0.0, 
        0.0, 
        0.0, 
        0.0, 
        0.0, 
        0.0, 
        0.0, 
        0.0, 
        0.0, 
        0.0, 
        0.0, 
        0.0, 
        0.0, 
        0.0, 
        0.0, 
        0.0, 
        0.0, 
        0.0, 
        0.0, 
        0.0, 
        0.0, 
        0.0, 
        0.0, 
        0.0, 
        0.0, 
        0.0, 
        0.0, 
        0.0, 
        0.0, 
        0.0, 
        0.0, 
        0.0, 
        0.0
    ], 
    "id": 0, 
    "time": 1429131821.629033
},
{
    "xforms": {
        "right_hand": [
            [
                -0.8054091823332924, 
                0.5778201318946438, 
                -0.13205742216562996, 
                0.004542825058844152, 
                0.22881063707557664, 
                0.9734603296730436, 
                0.5927011189821578, 
                0.783433974389243, 
                -0.18691127254346646
            ], 
            [
                0.6825591788477664, 
                -0.4324028650362429, 
                0.6481694130664525
            ]
        ]
    }, 
    "config": [
        0.0, 
        0.0, 
        0.0, 
        0.0, 
        0.0, 
        0.0, 
        0.0, 
        0.0, 
        0.0, 
        0.07631554454565048, 
        0.0, 
        0.0, 
        0.0, 
        0.0, 
        0.0, 
        0.7689078690490723, 
        0.04256796681518555, 
        0.005752427947998047, 
        1.6283206044799805, 
        0.013805827075195313, 
        0.0, 
        -0.06749515458984376, 
        0.12348545328369141, 
        0.0, 
        0.0, 
        0.0, 
        0.0, 
        0.0, 
        0.0, 
        0.0, 
        0.0, 
        0.0, 
        0.0, 
        0.0, 
        0.0, 
        0.11198059738769532, 
        -1.319606971270752, 
        0.03413107249145508, 
        1.434655530230713, 
        1.376364260357666, 
        0.0, 
        1.5412671948669434, 
        -0.24620391617431642, 
        0.0, 
        0.0, 
        0.0, 
        0.0, 
        0.0, 
        0.0, 
        0.0, 
        0.0, 
        0.0, 
        0.0, 
        0.0, 
        0.0, 
        0.0, 
        0.0, 
        0.0, 
        0.0, 
        0.0, 
        0.0, 
        0.0, 
        0.0, 
        0.0, 
        0.0, 
        0.0, 
        0.0, 
        0.0, 
        0.0, 
        0.0, 
        0.0, 
        0.0, 
        0.0, 
        0.0, 
        0.0, 
        0.0, 
        0.0, 
        0.0, 
        0.0, 
        0.0, 
        0.0, 
        0.0, 
        0.0, 
        0.0, 
        0.0, 
        0.0
    ], 
    "id": 1, 
    "time": 1429131871.415419
},
{
    "xforms": {
        "right_hand": [
            [
                0.1328352149510011, 
                -0.0901705626492425, 
                -0.9870278895758455, 
                -0.19046570567431031, 
                0.9749694634000607, 
                -0.11470211659753127, 
                0.9726648062513152, 
                0.20323144382185648, 
                0.11233596773740277
            ], 
            [
                0.7291527788541725, 
                -0.47785036069058084, 
                0.5153161565746227
            ]
        ]
    }, 
    "config": [
        0.0, 
        0.0, 
        0.0, 
        0.0, 
        0.0, 
        0.0, 
        0.0, 
        0.0, 
        0.0, 
        0.07669904083013535, 
        0.0, 
        0.0, 
        0.0, 
        0.0, 
        0.0, 
        0.7689078690490723, 
        0.04256796681518555, 
        0.005752427947998047, 
        1.629087594873047, 
        0.01457281746826172, 
        0.0, 
        -0.06672816419677735, 
        0.12348545328369141, 
        0.0, 
        0.0, 
        0.0, 
        0.0, 
        0.0, 
        0.0, 
        0.0, 
        0.0, 
        0.0, 
        0.0, 
        0.0, 
        0.0, 
        0.1606844873474121, 
        -1.302733182623291, 
        0.08705340961303712, 
        2.0302235704467773, 
        2.2587867075805668, 
        0.0, 
        1.0691846079345704, 
        -2.6553207407958985, 
        0.0, 
        0.0, 
        0.0, 
        0.0, 
        0.0, 
        0.0, 
        0.0, 
        0.0, 
        0.0, 
        0.0, 
        0.0, 
        0.0, 
        0.0, 
        0.0, 
        0.0, 
        0.0, 
        0.0, 
        0.0, 
        0.0, 
        0.0, 
        0.0, 
        0.0, 
        0.0, 
        0.0, 
        0.0, 
        0.0, 
        0.0, 
        0.0, 
        0.0, 
        0.0, 
        0.0, 
        0.0, 
        0.0, 
        0.0, 
        0.0, 
        0.0, 
        0.0, 
        0.0, 
        0.0, 
        0.0, 
        0.0, 
        0.0, 
        0.0
    ], 
    "id": 2, 
    "time": 1429131906.804429
},
{
    "xforms": {
        "right_hand": [
            [
                0.17209800682272988, 
                0.3210987562659849, 
                -0.9312774877643201, 
                -0.15659046658512024, 
                0.9422789119795828, 
                0.2959546454490003, 
                0.9725538064864576, 
                0.09489597173753289, 
                0.21244549564660897
            ], 
            [
                0.721631337873732, 
                -0.3660369961375252, 
                0.4836138976771508
            ]
        ]
    }, 
    "config": [
        0.0, 
        0.0, 
        0.0, 
        0.0, 
        0.0, 
        0.0, 
        0.0, 
        0.0, 
        0.0, 
        0.07669904083013535, 
        0.0, 
        0.0, 
        0.0, 
        0.0, 
        0.0, 
        0.7681408786560059, 
        0.042951462011718754, 
        0.005752427947998047, 
        1.6294710900695801, 
        0.014956312664794923, 
        0.0, 
        -0.06711165939331055, 
        0.122718462890625, 
        0.0, 
        0.0, 
        0.0, 
        0.0, 
        0.0, 
        0.0, 
        0.0, 
        0.0, 
        0.0, 
        0.0, 
        0.0, 
        0.0, 
        0.22396119477539064, 
        -1.2919953171203613, 
        0.33172334500122075, 
        2.2564857364013675, 
        2.7607819198425294, 
        0.0, 
        1.1727283109985351, 
        -2.698272202807617, 
        0.0, 
        0.0, 
        0.0, 
        0.0, 
        0.0, 
        0.0, 
        0.0, 
        0.0, 
        0.0, 
        0.0, 
        0.0, 
        0.0, 
        0.0, 
        0.0, 
        0.0, 
        0.0, 
        0.0, 
        0.0, 
        0.0, 
        0.0, 
        0.0, 
        0.0, 
        0.0, 
        0.0, 
        0.0, 
        0.0, 
        0.0, 
        0.0, 
        0.0, 
        0.0, 
        0.0, 
        0.0, 
        0.0, 
        0.0, 
        0.0, 
        0.0, 
        0.0, 
        0.0, 
        0.0, 
        0.0, 
        0.0, 
        0.0, 
        0.0
    ], 
    "id": 3, 
    "time": 1429131937.358218
},
{
    "xforms": {
        "right_hand": [
            [
                -0.8559687467678995, 
                -0.08164143859958317, 
                -0.510540490116172, 
                -0.12508429666694848, 
                0.9908200314370735, 
                0.05127173500163598, 
                0.5016678462617743, 
                0.1077476008801467, 
                -0.858323725142129
            ], 
            [
                0.7196845346198434, 
                -0.42704563384547867, 
                0.6838740248180492
            ]
        ]
    }, 
    "config": [
        0.0, 
        0.0, 
        0.0, 
        0.0, 
        0.0, 
        0.0, 
        0.0, 
        0.0, 
        0.0, 
        0.07708253711462021, 
        0.0, 
        0.0, 
        0.0, 
        0.0, 
        0.0, 
        0.7685243738525391, 
        0.04256796681518555, 
        0.00613592314453125, 
        1.6283206044799805, 
        0.01457281746826172, 
        0.0, 
        -0.06826214498291017, 
        0.12348545328369141, 
        0.0, 
        0.0, 
        0.0, 
        0.0, 
        0.0, 
        0.0, 
        0.0, 
        0.0, 
        0.0, 
        0.0, 
        0.0, 
        0.0, 
        0.21475731005859378, 
        -1.2904613363342285, 
        0.3631699511169434, 
        0.8716845817199708, 
        0.13000487162475588, 
        0.0, 
        1.5182574830749513, 
        -0.3309563546081543, 
        0.0, 
        0.0, 
        0.0, 
        0.0, 
        0.0, 
        0.0, 
        0.0, 
        0.0, 
        0.0, 
        0.0, 
        0.0, 
        0.0, 
        0.0, 
        0.0, 
        0.0, 
        0.0, 
        0.0, 
        0.0, 
        0.0, 
        0.0, 
        0.0, 
        0.0, 
        0.0, 
        0.0, 
        0.0, 
        0.0, 
        0.0, 
        0.0, 
        0.0, 
        0.0, 
        0.0, 
        0.0, 
        0.0, 
        0.0, 
        0.0, 
        0.0, 
        0.0, 
        0.0, 
        0.0, 
        0.0, 
        0.0, 
        0.0, 
        0.0
    ], 
    "id": 4, 
    "time": 1429131975.620929
},
{
    "xforms": {
        "right_hand": [
            [
                -0.13546097901286225, 
                -0.07205933773748258, 
                -0.988158770788534, 
                -0.22454210888546058, 
                0.973633648404078, 
                -0.04021897572169397, 
                0.9650027819603147, 
                0.21643515248036685, 
                -0.14806984063471818
            ], 
            [
                0.7222906465984625, 
                -0.4203968851468598, 
                0.5862894412995017
            ]
        ]
    }, 
    "config": [
        0.0, 
        0.0, 
        0.0, 
        0.0, 
        0.0, 
        0.0, 
        0.0, 
        0.0, 
        0.0, 
        0.07669904083013535, 
        0.0, 
        0.0, 
        0.0, 
        0.0, 
        0.0, 
        0.7696748594421388, 
        0.04256796681518555, 
        0.005752427947998047, 
        1.629087594873047, 
        0.014189322271728517, 
        0.0, 
        -0.06787864978637696, 
        0.12348545328369141, 
        0.0, 
        0.0, 
        0.0, 
        0.0, 
        0.0, 
        0.0, 
        0.0, 
        0.0, 
        0.0, 
        0.0, 
        0.0, 
        0.0, 
        -0.734393301361084, 
        -1.1711943302124024, 
        1.3955390201843263, 
        1.840393448162842, 
        1.7832526638793946, 
        0.0, 
        0.27419906552124024, 
        -2.2906168088928225, 
        0.0, 
        0.0, 
        0.0, 
        0.0, 
        0.0, 
        0.0, 
        0.0, 
        0.0, 
        0.0, 
        0.0, 
        0.0, 
        0.0, 
        0.0, 
        0.0, 
        0.0, 
        0.0, 
        0.0, 
        0.0, 
        0.0, 
        0.0, 
        0.0, 
        0.0, 
        0.0, 
        0.0, 
        0.0, 
        0.0, 
        0.0, 
        0.0, 
        0.0, 
        0.0, 
        0.0, 
        0.0, 
        0.0, 
        0.0, 
        0.0, 
        0.0, 
        0.0, 
        0.0, 
        0.0, 
        0.0, 
        0.0, 
        0.0, 
        0.0
    ], 
    "id": 5, 
    "time": 1429132003.405384
},
{
    "xforms": {
        "right_hand": [
            [
                -0.5325475278234169, 
                -0.020808429886645996, 
                -0.8461441449035827, 
                0.17601116162633754, 
                0.9751202158383916, 
                -0.13475850540120887, 
                0.8278963741200431, 
                -0.22069612275239592, 
                -0.5156357544501909
            ], 
            [
                0.7053342195156413, 
                -0.34357791821417144, 
                0.6205569940147871
            ]
        ]
    }, 
    "config": [
        0.0, 
        0.0, 
        0.0, 
        0.0, 
        0.0, 
        0.0, 
        0.0, 
        0.0, 
        0.0, 
        0.07669904083013535, 
        0.0, 
        0.0, 
        0.0, 
        0.0, 
        0.0, 
        0.7685243738525391, 
        0.04256796681518555, 
        0.005368932751464844, 
        1.6294710900695801, 
        0.015339807861328126, 
        0.0, 
        -0.06826214498291017, 
        0.12348545328369141, 
        0.0, 
        0.0, 
        0.0, 
        0.0, 
        0.0, 
        0.0, 
        0.0, 
        0.0, 
        0.0, 
        0.0, 
        0.0, 
        0.0, 
        -0.6308495982971192, 
        -1.353354548565674, 
        1.6428934219482423, 
        1.6563157538269044, 
        2.1955100001525882, 
        0.0, 
        -0.6703496035400391, 
        -2.4121847861938477, 
        0.0, 
        0.0, 
        0.0, 
        0.0, 
        0.0, 
        0.0, 
        0.0, 
        0.0, 
        0.0, 
        0.0, 
        0.0, 
        0.0, 
        0.0, 
        0.0, 
        0.0, 
        0.0, 
        0.0, 
        0.0, 
        0.0, 
        0.0, 
        0.0, 
        0.0, 
        0.0, 
        0.0, 
        0.0, 
        0.0, 
        0.0, 
        0.0, 
        0.0, 
        0.0, 
        0.0, 
        0.0, 
        0.0, 
        0.0, 
        0.0, 
        0.0, 
        0.0, 
        0.0, 
        0.0, 
        0.0, 
        0.0, 
        0.0, 
        0.0
    ], 
    "id": 6, 
    "time": 1429132078.614616
},
{
    "xforms": {
        "right_hand": [
            [
                -0.0900041714990312, 
                0.11570920150598143, 
                -0.9891969534470249, 
                -0.10997203970097683, 
                0.9859994531240311, 
                0.12534131843414018, 
                0.9898507990024454, 
                0.12006524815682248, 
                -0.07601934743416511
            ], 
            [
                0.697626042152132, 
                -0.4028923049204835, 
                0.5623394984346707
            ]
        ]
    }, 
    "config": [
        0.0, 
        0.0, 
        0.0, 
        0.0, 
        0.0, 
        0.0, 
        0.0, 
        0.0, 
        0.0, 
        0.07669904083013535, 
        0.0, 
        0.0, 
        0.0, 
        0.0, 
        0.0, 
        0.7685243738525391, 
        0.042184471618652346, 
        0.005752427947998047, 
        1.6294710900695801, 
        0.01457281746826172, 
        0.0, 
        -0.06749515458984376, 
        0.12348545328369141, 
        0.0, 
        0.0, 
        0.0, 
        0.0, 
        0.0, 
        0.0, 
        0.0, 
        0.0, 
        0.0, 
        0.0, 
        0.0, 
        0.0, 
        -0.7612379651184082, 
        -1.30618463939209, 
        1.4058933904907227, 
        2.0390439599670414, 
        2.548709076159668, 
        0.0, 
        0.43373306727905275, 
        -2.7554129870910646, 
        0.0, 
        0.0, 
        0.0, 
        0.0, 
        0.0, 
        0.0, 
        0.0, 
        0.0, 
        0.0, 
        0.0, 
        0.0, 
        0.0, 
        0.0, 
        0.0, 
        0.0, 
        0.0, 
        0.0, 
        0.0, 
        0.0, 
        0.0, 
        0.0, 
        0.0, 
        0.0, 
        0.0, 
        0.0, 
        0.0, 
        0.0, 
        0.0, 
        0.0, 
        0.0, 
        0.0, 
        0.0, 
        0.0, 
        0.0, 
        0.0, 
        0.0, 
        0.0, 
        0.0, 
        0.0, 
        0.0, 
        0.0, 
        0.0, 
        0.0
    ], 
    "id": 7, 
    "time": 1429132111.959003
},
{
    "xforms": {
        "right_hand": [
            [
                -0.628930066912899, 
                0.19910790381571036, 
                -0.7515335437981627, 
                0.33158475754016364, 
                0.9430196992648685, 
                -0.027651413391061974, 
                0.7032053215021679, 
                -0.2665878731778903, 
                -0.6591151127713974
            ], 
            [
                0.7062311807579961, 
                -0.2955336374975128, 
                0.6754214859496093
            ]
        ]
    }, 
    "config": [
        0.0, 
        0.0, 
        0.0, 
        0.0, 
        0.0, 
        0.0, 
        0.0, 
        0.0, 
        0.0, 
        0.07631554454565048, 
        0.0, 
        0.0, 
        0.0, 
        0.0, 
        0.0, 
        0.7685243738525391, 
        0.04256796681518555, 
        0.005752427947998047, 
        1.6287040996765139, 
        0.014189322271728517, 
        0.0, 
        -0.06672816419677735, 
        0.12348545328369141, 
        0.0, 
        0.0, 
        0.0, 
        0.0, 
        0.0, 
        0.0, 
        0.0, 
        0.0, 
        0.0, 
        0.0, 
        0.0, 
        0.0, 
        -0.27534955111083986, 
        -1.3430001782592775, 
        1.4522963092712404, 
        1.3633254236755372, 
        2.3320342901184086, 
        0.0, 
        -1.1079176227844239, 
        -2.378437208898926, 
        0.0, 
        0.0, 
        0.0, 
        0.0, 
        0.0, 
        0.0, 
        0.0, 
        0.0, 
        0.0, 
        0.0, 
        0.0, 
        0.0, 
        0.0, 
        0.0, 
        0.0, 
        0.0, 
        0.0, 
        0.0, 
        0.0, 
        0.0, 
        0.0, 
        0.0, 
        0.0, 
        0.0, 
        0.0, 
        0.0, 
        0.0, 
        0.0, 
        0.0, 
        0.0, 
        0.0, 
        0.0, 
        0.0, 
        0.0, 
        0.0, 
        0.0, 
        0.0, 
        0.0, 
        0.0, 
        0.0, 
        0.0, 
        0.0, 
        0.0
    ], 
    "id": 8, 
    "time": 1429132160.716872
},
{
    "xforms": {
        "right_hand": [
            [
                -0.6895695095150909, 
                -0.0805946109059689, 
                -0.7197207909311454, 
                -0.003814231507419455, 
                0.9941785280451614, 
                -0.1076741376634919, 
                0.7242089117610506, 
                -0.07150362057876004, 
                -0.6858631519332918
            ], 
            [
                0.7289306723493101, 
                -0.3629910853023586, 
                0.6432040085753779
            ]
        ]
    }, 
    "config": [
        0.0, 
        0.0, 
        0.0, 
        0.0, 
        0.0, 
        0.0, 
        0.0, 
        0.0, 
        0.0, 
        0.07631554454565048, 
        0.0, 
        0.0, 
        0.0, 
        0.0, 
        0.0, 
        0.7689078690490723, 
        0.042951462011718754, 
        0.005752427947998047, 
        1.629087594873047, 
        0.014189322271728517, 
        0.0, 
        -0.06711165939331055, 
        0.12386894848022462, 
        0.0, 
        0.0, 
        0.0, 
        0.0, 
        0.0, 
        0.0, 
        0.0, 
        0.0, 
        0.0, 
        0.0, 
        0.0, 
        0.0, 
        -0.3405437345214844, 
        -1.3752137747680664, 
        1.2302525904785158, 
        1.4016749433288576, 
        2.7876265835998537, 
        0.0, 
        -0.872068076916504, 
        -3.058374192352295, 
        0.0, 
        0.0, 
        0.0, 
        0.0, 
        0.0, 
        0.0, 
        0.0, 
        0.0, 
        0.0, 
        0.0, 
        0.0, 
        0.0, 
        0.0, 
        0.0, 
        0.0, 
        0.0, 
        0.0, 
        0.0, 
        0.0, 
        0.0, 
        0.0, 
        0.0, 
        0.0, 
        0.0, 
        0.0, 
        0.0, 
        0.0, 
        0.0, 
        0.0, 
        0.0, 
        0.0, 
        0.0, 
        0.0, 
        0.0, 
        0.0, 
        0.0, 
        0.0, 
        0.0, 
        0.0, 
        0.0, 
        0.0, 
        0.0, 
        0.0
    ], 
    "id": 9, 
    "time": 1429132213.009849
},
{
    "xforms": {
        "right_hand": [
            [
                -0.887400740899866, 
                0.1127850107467909, 
                -0.4469886240078407, 
                -0.1303491089876052, 
                0.8686549205286761, 
                0.47796142648018025, 
                0.4421857522868719, 
                0.48240789284708624, 
                -0.7561441957752559
            ], 
            [
                0.7164040053963632, 
                -0.3723330800746835, 
                0.6999575776850377
            ]
        ]
    }, 
    "config": [
        0.0, 
        0.0, 
        0.0, 
        0.0, 
        0.0, 
        0.0, 
        0.0, 
        0.0, 
        0.0, 
        0.07631554454565048, 
        0.0, 
        0.0, 
        0.0, 
        0.0, 
        0.0, 
        0.7685243738525391, 
        0.042951462011718754, 
        0.005368932751464844, 
        1.6298545852661135, 
        0.015339807861328126, 
        0.0, 
        -0.06711165939331055, 
        0.12386894848022462, 
        0.0, 
        0.0, 
        0.0, 
        0.0, 
        0.0, 
        0.0, 
        0.0, 
        0.0, 
        0.0, 
        0.0, 
        0.0, 
        0.0, 
        -0.16260196333007815, 
        -0.9284418708068848, 
        1.36485940446167, 
        0.7723593258178711, 
        2.9325877678894043, 
        0.0, 
        -1.5750147721618653, 
        -3.0591411827453614, 
        0.0, 
        0.0, 
        0.0, 
        0.0, 
        0.0, 
        0.0, 
        0.0, 
        0.0, 
        0.0, 
        0.0, 
        0.0, 
        0.0, 
        0.0, 
        0.0, 
        0.0, 
        0.0, 
        0.0, 
        0.0, 
        0.0, 
        0.0, 
        0.0, 
        0.0, 
        0.0, 
        0.0, 
        0.0, 
        0.0, 
        0.0, 
        0.0, 
        0.0, 
        0.0, 
        0.0, 
        0.0, 
        0.0, 
        0.0, 
        0.0, 
        0.0, 
        0.0, 
        0.0, 
        0.0, 
        0.0, 
        0.0, 
        0.0, 
        0.0
    ], 
    "id": 10, 
    "time": 1429132239.857062
},
{
    "xforms": {
        "right_hand": [
            [
                -0.13556129871264413, 
                -0.8077281453454609, 
                -0.5737576526825503, 
                -0.08922119850372155, 
                0.5867025923126789, 
                -0.8048722667715729, 
                0.9867430854674893, 
                -0.057918184358324985, 
                -0.15160075913464297
            ], 
            [
                0.749920752168249, 
                -0.44502913358567586, 
                0.6543179256395166
            ]
        ]
    }, 
    "config": [
        0.0, 
        0.0, 
        0.0, 
        0.0, 
        0.0, 
        0.0, 
        0.0, 
        0.0, 
        0.0, 
        0.07669904083013535, 
        0.0, 
        0.0, 
        0.0, 
        0.0, 
        0.0, 
        0.7685243738525391, 
        0.04256796681518555, 
        0.005752427947998047, 
        1.6294710900695801, 
        0.01457281746826172, 
        0.0, 
        -0.06634466900024415, 
        0.12348545328369141, 
        0.0, 
        0.0, 
        0.0, 
        0.0, 
        0.0, 
        0.0, 
        0.0, 
        0.0, 
        0.0, 
        0.0, 
        0.0, 
        0.0, 
        -0.5844466795166016, 
        -1.4150972752075197, 
        1.2145292874206544, 
        1.711922557324219, 
        1.946238122406006, 
        0.0, 
        0.08206797205810547, 
        -3.0587576875488285, 
        0.0, 
        0.0, 
        0.0, 
        0.0, 
        0.0, 
        0.0, 
        0.0, 
        0.0, 
        0.0, 
        0.0, 
        0.0, 
        0.0, 
        0.0, 
        0.0, 
        0.0, 
        0.0, 
        0.0, 
        0.0, 
        0.0, 
        0.0, 
        0.0, 
        0.0, 
        0.0, 
        0.0, 
        0.0, 
        0.0, 
        0.0, 
        0.0, 
        0.0, 
        0.0, 
        0.0, 
        0.0, 
        0.0, 
        0.0, 
        0.0, 
        0.0, 
        0.0, 
        0.0, 
        0.0, 
        0.0, 
        0.0, 
        0.0, 
        0.0
    ], 
    "id": 11, 
    "time": 1429132276.746933
},
{
    "xforms": {
        "right_hand": [
            [
                -0.4582691461472287, 
                0.3880539001968042, 
                0.7996269589283463, 
                -0.0008373056185839445, 
                -0.8998444810481968, 
                0.43620931313537814, 
                0.8888126311533782, 
                0.19923173732653687, 
                0.4126962099280369
            ], 
            [
                0.7345080265267934, 
                -0.3549008198156432, 
                0.739108859416166
            ]
        ]
    }, 
    "config": [
        0.0, 
        0.0, 
        0.0, 
        0.0, 
        0.0, 
        0.0, 
        0.0, 
        0.0, 
        0.0, 
        0.07631554454565048, 
        0.0, 
        0.0, 
        0.0, 
        0.0, 
        0.0, 
        0.7685243738525391, 
        0.042184471618652346, 
        0.005752427947998047, 
        1.6287040996765139, 
        0.014189322271728517, 
        0.0, 
        -0.06672816419677735, 
        0.12348545328369141, 
        0.0, 
        0.0, 
        0.0, 
        0.0, 
        0.0, 
        0.0, 
        0.0, 
        0.0, 
        0.0, 
        0.0, 
        0.0, 
        0.0, 
        -0.4621117118225098, 
        -1.4093448472595216, 
        1.1524030655822755, 
        1.8338740298217775, 
        2.6384469521484375, 
        0.0, 
        0.7957525328063966, 
        -0.13729128035888674, 
        0.0, 
        0.0, 
        0.0, 
        0.0, 
        0.0, 
        0.0, 
        0.0, 
        0.0, 
        0.0, 
        0.0, 
        0.0, 
        0.0, 
        0.0, 
        0.0, 
        0.0, 
        0.0, 
        0.0, 
        0.0, 
        0.0, 
        0.0, 
        0.0, 
        0.0, 
        0.0, 
        0.0, 
        0.0, 
        0.0, 
        0.0, 
        0.0, 
        0.0, 
        0.0, 
        0.0, 
        0.0, 
        0.0, 
        0.0, 
        0.0, 
        0.0, 
        0.0, 
        0.0, 
        0.0, 
        0.0, 
        0.0, 
        0.0, 
        0.0
    ], 
    "id": 12, 
    "time": 1429132314.586541
},
{
    "xforms": {
        "right_hand": [
            [
                -0.6412802904322399, 
                0.7665974793736788, 
                0.032971188553734675, 
                0.18757881362858164, 
                0.11495896832981842, 
                0.9754991469929949, 
                0.7440248533952586, 
                0.6317530727329037, 
                -0.21751853930479934
            ], 
            [
                0.6990734533865371, 
                -0.37862817741770355, 
                0.6639572344702063
            ]
        ]
    }, 
    "config": [
        0.0, 
        0.0, 
        0.0, 
        0.0, 
        0.0, 
        0.0, 
        0.0, 
        0.0, 
        0.0, 
        0.07631554454565048, 
        0.0, 
        0.0, 
        0.0, 
        0.0, 
        0.0, 
        0.7685243738525391, 
        0.04256796681518555, 
        0.005752427947998047, 
        1.6279371092834474, 
        0.013805827075195313, 
        0.0, 
        -0.06557767860717774, 
        0.12310195808715821, 
        0.0, 
        0.0, 
        0.0, 
        0.0, 
        0.0, 
        0.0, 
        0.0, 
        0.0, 
        0.0, 
        0.0, 
        0.0, 
        0.0, 
        -0.5253884192504883, 
        -1.3426166830627442, 
        1.012043823651123, 
        1.5320633101501466, 
        1.1688933590332031, 
        0.0, 
        0.9947865398071289, 
        0.07823302009277344, 
        0.0, 
        0.0, 
        0.0, 
        0.0, 
        0.0, 
        0.0, 
        0.0, 
        0.0, 
        0.0, 
        0.0, 
        0.0, 
        0.0, 
        0.0, 
        0.0, 
        0.0, 
        0.0, 
        0.0, 
        0.0, 
        0.0, 
        0.0, 
        0.0, 
        0.0, 
        0.0, 
        0.0, 
        0.0, 
        0.0, 
        0.0, 
        0.0, 
        0.0, 
        0.0, 
        0.0, 
        0.0, 
        0.0, 
        0.0, 
        0.0, 
        0.0, 
        0.0, 
        0.0, 
        0.0, 
        0.0, 
        0.0, 
        0.0, 
        0.0
    ], 
    "id": 13, 
    "time": 1429132378.828508
},
{
    "xforms": {
        "right_hand": [
            [
                -0.5899733649957931, 
                0.09967685807576854, 
                -0.8012463215733974, 
                -0.14522084706824218, 
                0.9630682632294396, 
                0.22673700957869714, 
                0.7942553360609687, 
                0.25012646603942956, 
                -0.5537099065868424
            ], 
            [
                0.741193872867528, 
                -0.3846696452863539, 
                0.6201421605579388
            ]
        ]
    }, 
    "config": [
        0.0, 
        0.0, 
        0.0, 
        0.0, 
        0.0, 
        0.0, 
        0.0, 
        0.0, 
        0.0, 
        0.07593204826116562, 
        0.0, 
        0.0, 
        0.0, 
        0.0, 
        0.0, 
        0.7689078690490723, 
        0.042184471618652346, 
        0.0065194183410644535, 
        1.6298545852661135, 
        0.014189322271728517, 
        0.0, 
        -0.06672816419677735, 
        0.12348545328369141, 
        0.0, 
        0.0, 
        0.0, 
        0.0, 
        0.0, 
        0.0, 
        0.0, 
        0.0, 
        0.0, 
        0.0, 
        0.0, 
        0.0, 
        -0.3382427633422852, 
        -1.4001409625427248, 
        0.9694758568359375, 
        1.4653351459533692, 
        0.4498398655334473, 
        0.0, 
        0.7393787389160157, 
        -0.45635928387451175, 
        0.0, 
        0.0, 
        0.0, 
        0.0, 
        0.0, 
        0.0, 
        0.0, 
        0.0, 
        0.0, 
        0.0, 
        0.0, 
        0.0, 
        0.0, 
        0.0, 
        0.0, 
        0.0, 
        0.0, 
        0.0, 
        0.0, 
        0.0, 
        0.0, 
        0.0, 
        0.0, 
        0.0, 
        0.0, 
        0.0, 
        0.0, 
        0.0, 
        0.0, 
        0.0, 
        0.0, 
        0.0, 
        0.0, 
        0.0, 
        0.0, 
        0.0, 
        0.0, 
        0.0, 
        0.0, 
        0.0, 
        0.0, 
        0.0, 
        0.0
    ], 
    "id": 14, 
    "time": 1429132432.163121
},
{
    "xforms": {
        "right_hand": [
            [
                -0.024533966220939812, 
                0.9119768598854417, 
                -0.40950656843833133, 
                -0.2372922263334175, 
                0.3926103558484532, 
                0.8885658897507581, 
                0.9711280494930623, 
                0.11897277084711398, 
                0.20677289468715632
            ], 
            [
                0.7041398683197286, 
                -0.2737330989701384, 
                0.5438482753459936
            ]
        ]
    }, 
    "config": [
        0.0, 
        0.0, 
        0.0, 
        0.0, 
        0.0, 
        0.0, 
        0.0, 
        0.0, 
        0.0, 
        0.07669904083013535, 
        0.0, 
        0.0, 
        0.0, 
        0.0, 
        0.0, 
        0.7692913642456055, 
        0.04256796681518555, 
        0.005752427947998047, 
        1.6294710900695801, 
        0.014956312664794923, 
        0.0, 
        -0.06826214498291017, 
        0.12348545328369141, 
        0.0, 
        0.0, 
        0.0, 
        0.0, 
        0.0, 
        0.0, 
        0.0, 
        0.0, 
        0.0, 
        0.0, 
        0.0, 
        0.0, 
        -0.15339807861328125, 
        -1.379815717126465, 
        1.0227816891540529, 
        2.257636221990967, 
        3.0480198220458985, 
        0.0, 
        0.9878836262695313, 
        -2.1011701818054203, 
        0.0, 
        0.0, 
        0.0, 
        0.0, 
        0.0, 
        0.0, 
        0.0, 
        0.0, 
        0.0, 
        0.0, 
        0.0, 
        0.0, 
        0.0, 
        0.0, 
        0.0, 
        0.0, 
        0.0, 
        0.0, 
        0.0, 
        0.0, 
        0.0, 
        0.0, 
        0.0, 
        0.0, 
        0.0, 
        0.0, 
        0.0, 
        0.0, 
        0.0, 
        0.0, 
        0.0, 
        0.0, 
        0.0, 
        0.0, 
        0.0, 
        0.0, 
        0.0, 
        0.0, 
        0.0, 
        0.0, 
        0.0, 
        0.0, 
        0.0
    ], 
    "id": 15, 
    "time": 1429132488.1408
},
{
    "xforms": {
        "right_hand": [
            [
                -0.014756927679047488, 
                0.9755551536904886, 
                0.2192569682265086, 
                0.5793076199725616, 
                -0.1703862013439031, 
                0.7971015831371898, 
                0.8149749193786284, 
                0.13878000284090808, 
                -0.5626326048535633
            ], 
            [
                0.6887242331190454, 
                -0.2274568004300646, 
                0.7622079677631678
            ]
        ]
    }, 
    "config": [
        0.0, 
        0.0, 
        0.0, 
        0.0, 
        0.0, 
        0.0, 
        0.0, 
        0.0, 
        0.0, 
        0.07593204826116562, 
        0.0, 
        0.0, 
        0.0, 
        0.0, 
        0.0, 
        0.7689078690490723, 
        0.042951462011718754, 
        0.005752427947998047, 
        1.6287040996765139, 
        0.014189322271728517, 
        0.0, 
        -0.06634466900024415, 
        0.12348545328369141, 
        0.0, 
        0.0, 
        0.0, 
        0.0, 
        0.0, 
        0.0, 
        0.0, 
        0.0, 
        0.0, 
        0.0, 
        0.0, 
        0.0, 
        -0.49164084195556645, 
        -1.376364260357666, 
        1.6532477922546387, 
        1.2444419127502442, 
        2.792612021154785, 
        0.0, 
        -0.9430146882751466, 
        -1.138213743310547, 
        0.0, 
        0.0, 
        0.0, 
        0.0, 
        0.0, 
        0.0, 
        0.0, 
        0.0, 
        0.0, 
        0.0, 
        0.0, 
        0.0, 
        0.0, 
        0.0, 
        0.0, 
        0.0, 
        0.0, 
        0.0, 
        0.0, 
        0.0, 
        0.0, 
        0.0, 
        0.0, 
        0.0, 
        0.0, 
        0.0, 
        0.0, 
        0.0, 
        0.0, 
        0.0, 
        0.0, 
        0.0, 
        0.0, 
        0.0, 
        0.0, 
        0.0, 
        0.0, 
        0.0, 
        0.0, 
        0.0, 
        0.0, 
        0.0, 
        0.0
    ], 
    "id": 16, 
    "time": 1429132535.044475
},
{
    "xforms": {
        "right_hand": [
            [
                -0.36030366907604755, 
                0.005000878230283903, 
                -0.9328216088840489, 
                -0.010831360936498162, 
                0.9998953928119297, 
                0.009544098447975796, 
                0.9327717579127284, 
                0.013542501224016705, 
                -0.3602120988859068
            ], 
            [
                0.6860541996481092, 
                -0.3779187565344531, 
                0.5933005470503198
            ]
        ]
    }, 
    "config": [
        0.0, 
        0.0, 
        0.0, 
        0.0, 
        0.0, 
        0.0, 
        0.0, 
        0.0, 
        0.0, 
        0.07593204826116562, 
        0.0, 
        0.0, 
        0.0, 
        0.0, 
        0.0, 
        0.7689078690490723, 
        0.042184471618652346, 
        0.00613592314453125, 
        1.6294710900695801, 
        0.01457281746826172, 
        0.0, 
        -0.06749515458984376, 
        0.12348545328369141, 
        0.0, 
        0.0, 
        0.0, 
        0.0, 
        0.0, 
        0.0, 
        0.0, 
        0.0, 
        0.0, 
        0.0, 
        0.0, 
        0.0, 
        -0.9805972175354004, 
        -1.3978399913635255, 
        1.7414516874572754, 
        1.8599517031860353, 
        2.895388733825684, 
        0.0, 
        -0.11313108297729493, 
        -3.0587576875488285, 
        0.0, 
        0.0, 
        0.0, 
        0.0, 
        0.0, 
        0.0, 
        0.0, 
        0.0, 
        0.0, 
        0.0, 
        0.0, 
        0.0, 
        0.0, 
        0.0, 
        0.0, 
        0.0, 
        0.0, 
        0.0, 
        0.0, 
        0.0, 
        0.0, 
        0.0, 
        0.0, 
        0.0, 
        0.0, 
        0.0, 
        0.0, 
        0.0, 
        0.0, 
        0.0, 
        0.0, 
        0.0, 
        0.0, 
        0.0, 
        0.0, 
        0.0, 
        0.0, 
        0.0, 
        0.0, 
        0.0, 
        0.0, 
        0.0, 
        0.0
    ], 
    "id": 17, 
    "time": 1429132566.485527
},
{
    "xforms": {
        "right_hand": [
            [
                -0.314001716879162, 
                0.6210311918791803, 
                0.7181384235362116, 
                -0.06346554516562256, 
                -0.7684327617009936, 
                0.6367752684387955, 
                0.9472983959992591, 
                0.15437148100186457, 
                0.28070351288436807
            ], 
            [
                0.637140818066276, 
                -0.2958178908338583, 
                0.6974662724791963
            ]
        ]
    }, 
    "config": [
        0.0, 
        0.0, 
        0.0, 
        0.0, 
        0.0, 
        0.0, 
        0.0, 
        0.0, 
        0.0, 
        0.07631554454565048, 
        0.0, 
        0.0, 
        0.0, 
        0.0, 
        0.0, 
        0.7692913642456055, 
        0.04256796681518555, 
        0.005752427947998047, 
        1.629087594873047, 
        0.014956312664794923, 
        0.0, 
        -0.06787864978637696, 
        0.12386894848022462, 
        0.0, 
        0.0, 
        0.0, 
        0.0, 
        0.0, 
        0.0, 
        0.0, 
        0.0, 
        0.0, 
        0.0, 
        0.0, 
        0.0, 
        -1.051543828894043, 
        -1.2214322009582521, 
        2.0003109451171874, 
        2.0904323163024903, 
        3.0361314709533693, 
        0.0, 
        0.6504078533203126, 
        -0.9526020681884766, 
        0.0, 
        0.0, 
        0.0, 
        0.0, 
        0.0, 
        0.0, 
        0.0, 
        0.0, 
        0.0, 
        0.0, 
        0.0, 
        0.0, 
        0.0, 
        0.0, 
        0.0, 
        0.0, 
        0.0, 
        0.0, 
        0.0, 
        0.0, 
        0.0, 
        0.0, 
        0.0, 
        0.0, 
        0.0, 
        0.0, 
        0.0, 
        0.0, 
        0.0, 
        0.0, 
        0.0, 
        0.0, 
        0.0, 
        0.0, 
        0.0, 
        0.0, 
        0.0, 
        0.0, 
        0.0, 
        0.0, 
        0.0, 
        0.0, 
        0.0
    ], 
    "id": 18, 
    "time": 1429132614.966707
},
{
    "xforms": {
        "right_hand": [
            [
                0.14927982459792516, 
                0.160410132392865, 
                0.975696717841221, 
                0.5069038026258819, 
                -0.8596397902044792, 
                0.06377439850196864, 
                0.8489777815352022, 
                0.4850641454610947, 
                -0.2096395499174263
            ], 
            [
                0.7044535676930914, 
                -0.4594504408057919, 
                0.8233532587218707
